25 25
25
0 0 0 0 9 0 0 2 0 9 0 0 0 0 0 0 0 9 0 0 0 0 0 9 0
0 0 0 0 9 0 0 2 0 9 0 0 0 0 0 0 0 9 0 0 0 0 0 9 0
0 0 0 0 9 0 0 2 0 9 0 0 0 0 0 0 0 9 0 0 0 0 0 9 0
0 0 0 0 9 0 0 2 0 9 0 0 0 0 0 0 0 9 0 0 0 0 0 9 0
0 0 0 0 9 0 0 2 0 9 0 0 0 0 0 0 0 9 0 0 0 0 0 9 0
0 0 0 0 9 0 0 2 0 9 0 0 0 0 0 0 0 9 0 0 0 0 0 9 0
0 0 0 0 9 0 0 2 0 9 0 0 0 0 0 0 0 9 0 0 0 0 0 9 0
0 0 0 0 9 0 0 2 0 9 0 0 0 0 0 0 0 9 0 0 0 0 0 9 0
0 0 0 0 9 0 0 2 0 9 0 0 0 0 0 0 0 9 0 0 0 0 0 9 0
0 0 0 0 9 0 0 2 0 9 0 0 0 0 0 0 0 9 0 0 0 0 0 9 0
0 0 0 0 9 0 0 2 0 9 0 0 0 0 0 0 0 9 0 0 0 0 0 9 0
0 0 0 0 9 0 0 2 0 9 0 0 0 0 0 0 0 9 0 0 0 0 0 9 0
0 0 0 0 9 0 0 2 0 9 0 0 0 0 0 0 0 9 0 0 0 0 0 9 0
0 0 0 0 9 0 0 2 0 9 0 0 0 0 0 0 0 9 0 0 0 0 0 9 0
0 0 0 0 9 0 0 2 0 9 0 0 0 0 0 0 0 9 0 0 0 0 0 9 0
0 0 0 0 9 0 0 2 0 9 0 0 0 0 0 0 0 9 0 0 0 0 0 9 0
0 0 0 0 9 0 0 2 0 9 0 0 0 0 0 0 0 9 0 0 0 0 0 9 0
0 0 0 0 9 0 0 2 0 9 0 0 0 0 0 0 0 9 0 0 0 0 0 9 0
0 0 0 0 9 0 0 2 0 9 0 0 0 0 0 0 0 9 0 0 0 0 0 9 0
0 0 0 0 9 0 0 2 0 9 0 0 0 0 0 0 0 9 0 0 0 0 0 9 0
0 0 0 0 9 0 0 2 0 9 0 0 0 0 0 0 0 9 0 0 0 0 0 9 0
0 0 0 0 9 0 0 2 0 9 0 0 0 0 0 0 0 9 0 0 0 0 0 9 0
0 0 0 0 9 0 0 2 0 9 0 0 0 0 0 0 0 9 0 0 0 0 0 9 0
0 0 0 0 9 0 0 2 0 9 0 0 0 0 0 0 0 9 0 0 0 0 0 9 0
0 0 0 0 9 0 0 2 0 9 0 0 0 0 0 0 0 9 0 0 0 0 0 9 0
10 1 9 6 7 2 8 -8 9 2 10 1 9 6 7 2 8 -8 9 2 10 1 9 6 7
1
2
