25 25
25
1 2 3 4 0 6 7 8 9 0 11 12 0 14 15 16 0 18 18 0 1 2 3 4 5
1 2 3 4 0 6 7 8 9 0 11 12 13 0 15 16 17 0 18 20 0 2 3 4 5
11 12 0 14 15 16 0 18 18 20 0 22 23 24 25 0 2 3 4 5 0 17 18 19 20
11 12 13 14 15 0 17 18 18 20 21 22 0 24 0 0 2 3 4 0 16 17 18 19 20
1 2 0 4 5 0 7 8 9 0 0 12 0 14 15 16 17 18 18 20 1 2 3 4 5
1 2 3 4 0 6 7 8 9 0 11 12 0 14 15 16 0 18 18 0 1 2 3 4 5
1 2 3 4 0 6 7 8 9 0 11 12 13 0 15 16 17 0 18 20 0 2 3 4 5
11 12 0 14 15 16 0 18 18 20 0 22 23 24 25 0 2 3 4 5 0 17 18 19 20
11 12 13 14 15 0 17 18 18 20 21 22 0 24 0 0 2 3 4 0 16 17 18 19 20
1 2 0 4 5 0 7 8 9 0 0 12 0 14 15 16 17 18 18 20 1 2 3 4 5
1 2 3 4 0 6 7 8 9 0 11 12 0 14 15 16 0 18 18 0 1 2 3 4 5
1 2 3 4 0 6 7 8 9 0 11 12 13 0 15 16 17 0 18 20 0 2 3 4 5
11 12 0 14 15 16 0 18 18 20 0 22 23 24 25 0 2 3 4 5 0 17 18 19 20
11 12 13 14 15 0 17 18 18 20 21 22 0 24 0 0 2 3 4 0 16 17 18 19 20
1 2 0 4 5 0 7 8 9 0 0 12 0 14 15 16 17 18 18 20 1 2 3 4 5
1 2 3 4 0 6 7 8 9 0 11 12 0 14 15 16 0 18 18 0 1 2 3 4 5
1 2 3 4 0 6 7 8 9 0 11 12 13 0 15 16 17 0 18 20 0 2 3 4 5
11 12 0 14 15 16 0 18 18 20 0 22 23 24 25 0 2 3 4 5 0 17 18 19 20
11 12 13 14 15 0 17 18 18 20 21 22 0 24 0 0 2 3 4 0 16 17 18 19 20
1 2 0 4 5 0 7 8 9 0 0 12 0 14 15 16 17 18 18 20 1 2 3 4 5
1 2 3 4 0 6 7 8 9 0 11 12 0 14 15 16 0 18 18 0 1 2 3 4 5
1 2 3 4 0 6 7 8 9 0 11 12 13 0 15 16 17 0 18 20 0 2 3 4 5
11 12 0 14 15 16 0 18 18 20 0 22 23 24 25 0 2 3 4 5 0 17 18 19 20
11 12 13 14 15 0 17 18 18 20 21 22 0 24 0 0 2 3 4 0 16 17 18 19 20
1 2 0 4 5 0 7 8 9 0 0 12 0 14 15 16 17 18 18 20 1 2 3 4 5
10 1 9 6 7 2 8 -8 9 2 10 1 9 6 7 2 8 -8 9 2 10 1 9 6 7
2
2
