25 25
25
1 2 3 4 5 6 7 8 9 10 11 12 13 14 15 16 17 18 18 20 1 2 3 4 5
1 2 3 4 5 6 7 8 9 10 11 12 13 14 15 16 17 18 18 20 1 2 3 4 5
11 12 13 14 15 16 17 18 18 20 21 22 23 24 25 1 2 3 4 5 16 17 18 19 20
11 12 13 14 15 16 17 18 18 20 21 22 23 24 25 1 2 3 4 5 16 17 18 19 20
1 2 3 4 5 6 7 8 9 10 11 12 13 14 15 16 17 18 18 20 1 2 3 4 5
11 12 13 14 15 16 17 18 18 20 21 22 23 24 25 1 2 3 4 5 16 17 18 19 20
1 2 3 4 5 6 7 8 9 10 11 12 13 14 15 16 17 18 18 20 1 2 3 4 5
11 12 13 14 15 16 17 18 18 20 21 22 23 24 25 1 2 3 4 5 16 17 18 19 20
1 2 3 4 5 6 7 8 9 10 11 12 13 14 15 16 17 18 18 20 1 2 3 4 5
11 12 13 14 15 16 17 18 18 20 21 22 23 24 25 1 2 3 4 5 16 17 18 19 20
1 2 3 4 5 6 7 8 9 10 11 12 13 14 15 16 17 18 18 20 1 2 3 4 5
11 12 13 14 15 16 17 18 18 20 21 22 23 24 25 1 2 3 4 5 16 17 18 19 20
1 2 3 4 5 6 7 8 9 10 11 12 13 14 15 16 17 18 18 20 1 2 3 4 5
11 12 13 14 15 16 17 18 18 20 21 22 23 24 25 1 2 3 4 5 16 17 18 19 20
1 2 3 4 5 6 7 8 9 10 11 12 13 14 15 16 17 18 18 20 1 2 3 4 5
11 12 13 14 15 16 17 18 18 20 21 22 23 24 25 1 2 3 4 5 16 17 18 19 20
1 2 3 4 5 6 7 8 9 10 11 12 13 14 15 16 17 18 18 20 1 2 3 4 5
11 12 13 14 15 16 17 18 18 20 21 22 23 24 25 1 2 3 4 5 16 17 18 19 20
1 2 3 4 5 6 7 8 9 10 11 12 13 14 15 16 17 18 18 20 1 2 3 4 5
11 12 13 14 15 16 17 18 18 20 21 22 23 24 25 1 2 3 4 5 16 17 18 19 20
1 2 3 4 5 6 7 8 9 10 11 12 13 14 15 16 17 18 18 20 1 2 3 4 5
11 12 13 14 15 16 17 18 18 20 21 22 23 24 25 1 2 3 4 5 16 17 18 19 20
1 2 3 4 5 6 7 8 9 10 11 12 13 14 15 16 17 18 18 20 1 2 3 4 5
11 12 13 14 15 16 17 18 18 20 21 22 23 24 25 1 2 3 4 5 16 17 18 19 20
21 22 23 24 25 1 2 3 4 5 16 17 18 19 20 11 12 13 14 15 16 17 18 18 20
10 1 9 6 7 2 8 -8 9 2 10 1 9 6 7 2 8 -8 9 2 10 1 9 6 7
1
2
