-30 61 -64 11 -96 25 71 -16 -52 -93 53 19 37 31 24 -38 35 53 -64 -49 -88 36 -83 4 -27 -35 13 24 67 49 -38 96 7 -25 48 -1 -96 4 51 53 85 24 90 -69 80 56 -99 64 75 57 71 -49 94 -19 -39 -50 66 -34 91 88 54 -66 32 52 -1 14 49 88 38 16 87 53 -47 14 -56 -17 42 -41 87 -10 -13 85 -23 20 23 -29 -12 32 -76 83 -17 54 -86 -90 66 64 57 -99 -2 51 
-14 -88 -40 -3 25 -39 -60 63 21 -63 9 -11 -33 91 -36 23 -89 26 46 16 62 -99 -1 79 37 -75 -56 -28 -99 20 -49 -13 -25 -74 -27 -43 1 -24 30 39 74 90 -60 -21 0 -48 77 0 -87 74 -76 -35 -14 -21 37 -38 61 -54 93 -95 59 62 -80 -78 -19 -39 -1 -72 -24 -82 -60 32 59 86 -87 83 -33 45 80 -37 -81 43 -45 -72 50 91 -6 38 -17 -48 82 58 -91 15 -43 -24 -61 -23 -21 -46 
84 -52 -11 -46 49 79 35 -7 3 86 -90 -66 51 -21 -8 18 94 37 26 -68 12 -26 95 33 -84 -26 -44 25 8 65 25 -1 -21 -67 -26 -66 12 88 5 -24 -37 -53 1 -27 -51 67 93 -91 50 -32 -19 54 -29 -69 77 58 -12 72 -60 37 28 92 -29 -7 -34 89 42 -11 -19 -81 88 -43 -83 -29 42 -27 15 -82 -32 4 -41 97 -89 90 31 30 -64 83 86 -7 24 -25 83 44 43 43 -49 -42 -52 -67 
4 100 -17 -31 -27 -62 -78 46 78 -17 -59 -19 0 93 -69 81 93 74 63 -51 -94 -82 -62 18 -24 32 -31 -13 20 89 -6 -26 100 -48 91 -66 76 50 92 20 0 -97 72 86 -55 -81 94 18 -49 -63 64 -43 -1 -82 75 -40 94 71 50 -94 -77 29 -16 -76 -55 -87 15 -86 -48 -59 98 -2 23 -24 -88 -97 -5 -21 -4 85 62 -16 -79 1 -79 -68 -98 63 40 -48 62 98 -74 -69 27 70 57 95 -56 94 
66 -94 8 -54 78 59 -73 -93 -52 87 12 73 62 -34 20 52 69 -8 11 -59 -76 80 -1 49 67 2 99 26 40 16 33 88 65 90 -20 -28 -72 7 -4 82 -58 -33 93 79 -5 18 72 -75 -73 59 -17 -61 -19 -69 -52 62 9 84 38 -18 -18 50 -21 9 -91 -60 91 -53 95 17 24 18 -88 -63 -15 14 56 13 5 67 -54 59 -83 4 13 -22 0 4 -71 97 -2 3 -49 -42 -77 -44 -16 56 11 -86 
9 52 -22 -38 97 -34 63 -50 36 -5 5 -9 -48 -56 -31 -36 70 51 99 73 -28 51 100 -47 -13 97 -28 65 74 12 -58 73 -35 -18 -18 -90 -48 77 67 -66 61 31 -44 -35 47 9 86 86 47 52 34 96 -57 -15 -40 55 -84 45 70 -29 20 -92 2 -57 44 -90 0 -99 -39 76 -53 46 -56 -9 -59 9 -45 2 -4 -40 89 2 -73 -75 94 16 97 -2 -72 -67 -72 53 76 -66 -71 20 95 85 -9 -93 
63 94 -41 -59 25 -90 -30 65 16 -24 -68 -77 -88 -38 -9 24 -46 19 48 -88 93 -67 -23 -11 31 61 86 51 98 95 1 -83 7 100 3 -49 83 -28 94 98 22 -54 -66 3 44 -46 -3 -63 -95 -52 -81 -40 1 -14 98 -45 -47 77 78 -1 -89 -63 85 -62 -83 39 22 86 -54 -77 46 23 -2 45 57 -32 38 40 75 -34 82 -20 -61 95 -77 23 94 92 61 -94 25 -58 73 -14 42 100 -43 -1 37 -22 
-87 -19 65 -12 -74 -82 -82 59 45 -25 -40 98 -37 -67 -97 -36 49 28 -48 -69 99 -21 -80 30 -53 -87 91 76 97 -50 -65 -21 94 26 49 -7 -5 -55 -84 -19 20 16 -40 -23 -79 4 -50 68 32 73 -94 -49 -1 -8 69 51 25 76 18 -52 -7 -15 14 9 -50 23 14 -16 48 -51 -47 31 -1 -8 -21 65 71 -7 -6 -69 -75 -27 100 38 -83 -77 65 42 66 -30 -53 -57 -3 -38 45 70 65 0 -23 -23 
-6 -72 82 74 -79 -52 40 65 -51 68 -6 87 -29 -7 -60 46 38 -37 -18 -35 -91 36 73 -21 -24 -69 -95 52 -65 57 56 -51 -42 -69 -26 99 -7 -57 -42 90 40 91 15 -65 -88 -100 84 38 -88 54 -21 -78 34 -2 42 -1 48 40 -12 88 -80 37 27 -57 -80 -52 62 87 -51 -27 49 -64 97 40 -100 3 52 -14 74 79 70 -95 -1 -96 38 56 -68 -16 94 89 -55 94 -53 18 -71 55 -67 -54 -83 -11 
78 23 88 66 20 60 100 -53 -72 -37 20 -1 -74 -81 80 57 42 -13 100 30 81 -6 -88 -97 -6 67 -28 62 -52 67 75 -92 -22 55 21 -76 -3 28 -86 3 -81 71 90 -99 -21 55 53 -39 -49 25 -99 47 -43 67 -15 -26 -58 5 50 32 -22 52 15 -1 -74 -58 -75 75 4 -1 -31 -56 -19 16 -12 81 -35 -77 -98 95 100 64 7 -55 -70 69 57 -51 58 86 -4 90 -89 46 -1 99 -23 84 -76 -10 
-1 -57 1 28 -58 85 -95 -86 18 -99 -83 -65 -31 -29 -17 -58 -83 -37 -97 -86 77 -15 90 -89 -61 -99 19 -100 24 -45 29 100 70 -29 89 -8 15 41 -65 50 -89 -20 -72 -33 -29 -87 5 -28 3 -64 83 45 -28 -90 -90 -16 -3 67 -64 -4 -10 -81 26 -8 27 43 46 -56 -84 64 51 -45 7 -2 -75 -42 -75 55 20 -11 -49 -66 -67 -81 52 -35 -98 73 -35 98 -21 0 -10 -7 -71 56 87 -28 -73 65 
-40 -1 52 -29 94 -100 -15 -23 -47 57 -50 -10 66 62 89 85 98 -68 -40 -97 -39 -85 8 82 -18 -89 -48 -19 -54 47 -56 14 93 22 -40 -67 -52 -13 -9 59 41 -51 52 -91 -28 -42 12 -68 -17 33 11 -3 0 31 -33 85 -17 54 77 52 -49 -63 -29 -46 -30 16 -89 7 -3 33 -5 52 95 -67 65 -46 -40 37 -93 15 -72 65 20 -2 67 5 -88 -14 84 0 -54 18 -48 -41 -24 36 29 -12 51 -98 
77 -92 13 35 -90 -14 25 2 88 -97 -94 -17 52 77 -79 32 98 -40 -91 -59 99 92 -6 -27 49 -30 82 -79 64 30 40 27 89 3 45 -59 58 -26 44 81 -3 66 -92 -26 19 -53 -12 -94 30 26 25 48 -91 -50 -92 -100 26 -55 -12 98 29 53 82 -50 45 -80 -89 -29 85 99 -29 -64 -14 -4 -13 7 13 -76 38 -94 -8 96 78 80 35 39 -18 12 -98 57 -31 -40 7 -34 -98 -25 90 -36 -6 -90 
84 -49 46 -60 -38 39 97 31 86 -74 -67 94 -93 96 77 28 43 -10 -73 -36 40 42 -26 50 53 71 28 57 -14 -23 42 -60 -3 -100 43 85 -37 -24 5 -7 51 4 60 59 -53 96 -37 -99 -54 38 10 35 -70 -52 0 32 67 23 13 63 84 -86 -21 64 5 36 -89 79 -94 -25 53 58 -50 -17 -87 49 31 40 32 -86 -47 -61 15 67 24 -23 -63 -50 -47 85 52 -63 -61 4 -51 -54 45 -94 -93 -53 
91 -63 -37 -79 -65 42 60 22 -1 -55 -58 69 -45 -93 -16 89 2 -22 -19 74 -68 25 -90 -45 -88 43 31 51 -95 94 -52 -23 98 76 -25 50 -83 -56 30 -68 -80 48 -29 -35 6 6 78 28 -85 4 54 4 -47 32 12 -3 63 -15 -36 -89 48 86 -97 -49 -58 39 -25 -2 -17 -65 20 36 83 -24 -12 41 19 -67 -45 95 35 -16 11 6 -95 74 -87 -32 33 -20 -49 97 -12 95 39 -41 -26 79 -23 28 
66 -9 97 70 63 42 -45 -68 -26 -22 -26 -67 55 -76 -95 41 32 -31 56 97 43 67 63 29 35 -19 -66 95 36 -8 -26 -86 -62 24 -48 -78 19 -51 -40 10 54 -82 18 100 -45 73 50 35 -98 -44 -85 -81 74 -89 14 21 97 -72 80 -53 -39 -80 17 68 -5 -81 -70 -100 -50 34 7 -48 -78 -43 -34 98 -37 1 65 0 81 -1 -33 48 -36 -31 100 -18 -93 -52 53 -82 20 -74 -98 -42 62 90 90 34 
-87 39 55 -3 98 -96 56 -86 -21 97 55 -67 26 26 89 64 99 -53 -77 82 28 -86 -62 62 -63 85 -24 87 -9 72 -78 -79 53 12 78 28 13 -34 -13 25 44 -46 45 -77 -72 90 40 87 -64 -89 56 38 -91 70 -88 -41 -7 27 52 90 -73 -56 56 90 -86 -91 1 43 -82 9 -28 -70 37 35 -64 69 -35 34 -26 -85 -34 -74 20 -55 20 -1 35 42 -28 72 30 12 18 45 -94 89 -77 -31 -77 -17 
48 -22 36 -51 -66 -29 -42 -3 11 66 -89 93 -83 -71 -34 -97 73 47 79 -15 -46 25 68 3 72 -9 20 53 -96 44 -63 34 -40 -37 71 -38 23 66 30 -94 68 40 61 95 7 20 93 95 60 -99 -26 -1 -38 -96 -13 -70 52 -36 28 -86 78 90 -77 -11 -74 -93 -78 60 32 1 -55 76 46 -55 -41 -36 70 -16 13 76 45 72 -53 30 60 42 64 100 -6 64 -25 -50 -59 -26 -71 -72 25 14 66 -12 
97 77 -77 -32 -64 -40 -99 81 -47 35 -4 -63 -61 -77 78 12 -10 -2 33 -25 59 14 35 14 41 68 44 -40 6 -84 6 55 -17 -42 38 30 79 -83 -10 53 3 55 97 -32 -58 -60 -14 -86 44 78 -61 56 -94 -37 -73 71 -68 63 -4 26 -38 74 -86 -22 92 52 45 -69 -54 16 -38 9 -71 -84 -58 9 92 -40 -78 15 65 99 52 -10 81 45 80 -62 -28 27 0 74 5 30 -35 -66 -68 -19 -25 7 
-27 25 83 16 -46 -71 72 -37 20 93 -11 -66 70 66 96 -32 -90 -96 20 -53 61 -89 37 48 73 19 17 68 -99 -77 56 58 -76 64 55 -2 -6 -74 39 -26 73 -58 -56 21 24 -4 40 76 -45 -78 -54 -24 56 26 71 -14 -92 -59 -40 -19 -67 77 -88 100 -21 15 -59 46 -41 12 -63 -40 15 -94 43 29 -45 -27 -65 -36 33 39 -28 28 90 -55 -47 -18 99 92 -82 -6 -57 10 18 -41 -51 -16 69 97 
93 80 -97 17 23 44 99 -69 -62 89 82 40 -89 77 -14 56 -20 66 35 -54 67 79 21 48 -70 -50 90 27 -44 36 88 47 -37 63 -48 58 -82 13 47 -96 -51 -90 67 -99 -37 -40 -17 91 46 85 -66 62 -82 52 45 -30 22 -30 -50 -26 3 37 93 -38 67 -64 -4 30 96 49 -60 -93 92 54 25 89 -75 -38 29 -46 4 22 60 -56 -50 -86 -39 -42 -36 84 94 -70 -92 -38 -60 -28 55 -93 91 45 
-92 -98 45 -53 -68 -32 23 -32 17 -41 18 -27 -37 -39 0 -88 79 18 7 -91 -11 3 -69 88 -30 -21 58 59 16 -18 -2 30 79 -67 77 -1 62 -20 24 77 36 26 -92 -28 41 -1 -34 4 97 -23 -10 71 33 -58 -50 95 88 -24 90 -66 -76 40 20 -22 -38 -98 -62 -33 74 18 44 53 93 -16 -1 -40 -39 41 74 -79 -3 23 19 -77 70 -50 90 54 92 -74 87 -93 95 71 55 -23 32 -62 99 -14 
79 25 -1 14 -99 11 55 32 45 -83 42 -97 -38 76 52 -92 -13 42 47 15 -42 51 94 -95 -61 -38 75 18 -64 -98 -70 45 -11 93 51 55 72 -15 -97 -97 -36 -99 -72 -7 -20 -94 -76 -44 59 -86 -70 -80 81 -77 -37 -69 94 -52 -65 -90 -76 -58 -67 49 -6 19 40 90 -90 -98 -68 2 -53 76 30 -6 -46 -72 -42 -62 42 -29 -58 60 -6 -37 -65 -22 -73 -9 38 67 -6 -74 -14 25 -11 -18 53 89 
-78 -70 -67 -41 74 39 12 72 9 70 20 -22 88 -55 -78 86 -72 51 76 -80 -98 -82 100 29 89 -69 -59 53 50 46 90 -68 1 53 29 -14 -11 23 88 51 -100 -82 78 -80 41 -19 62 -89 96 81 -65 81 57 88 27 10 -8 89 63 -22 80 49 -59 -48 -85 -41 28 88 -36 10 -70 7 8 97 -59 -85 -4 28 64 5 -22 67 78 -43 96 37 -79 27 47 34 68 63 47 4 -72 12 -9 91 -73 52 
80 -16 83 43 87 53 8 68 -89 -5 34 35 -46 99 4 17 30 68 -9 7 30 -39 -67 93 -98 -85 63 -33 36 -75 -15 45 72 29 58 -20 58 85 -20 -35 36 -91 -99 18 -97 -50 7 7 45 19 86 -25 92 -10 89 -94 -5 -71 -40 43 69 -83 -39 92 -50 81 58 -60 70 -41 49 14 15 -12 13 44 -40 -47 -81 -26 21 38 52 -20 -79 -56 -98 59 47 81 -35 -48 25 -96 68 -2 38 -88 84 -61 
58 45 78 -85 32 64 -97 58 -96 -68 26 -34 -10 4 36 -28 -94 -68 -30 -43 35 85 7 -80 -26 8 96 44 -1 -42 35 -15 -77 -52 29 -62 77 -72 -32 81 79 -83 -45 13 -92 -43 13 -58 -62 35 -24 66 45 64 1 -7 98 -26 71 -69 -91 48 -19 -71 18 -36 -72 -45 50 -60 66 -98 43 -7 94 -30 -8 -35 31 -25 -87 52 -90 -71 -54 -26 -68 -23 -13 69 -93 -63 -32 18 44 2 68 12 -41 16 
64 -60 -90 -77 -70 -69 33 -92 17 0 4 -34 -59 27 32 55 18 26 32 -65 97 32 44 94 96 -87 -16 23 -36 -32 -33 77 40 4 -3 82 -1 -60 -73 96 -89 -61 -30 -44 14 -8 77 -56 63 28 -87 60 60 -5 -25 -33 28 22 20 -4 59 -72 -85 -11 98 -54 -73 6 17 -94 70 88 3 -9 -39 28 -45 53 0 -97 15 100 -98 -72 -72 12 -52 97 60 61 -90 -88 -84 -74 -60 -51 -73 -30 -39 -63 
-94 40 -51 -71 24 -35 99 98 88 35 -34 29 1 -33 73 -52 3 61 -76 -20 -93 -46 95 5 -5 94 -24 -2 62 66 -31 67 78 24 75 33 23 27 -99 -96 58 -56 -15 -92 -58 -93 26 63 13 -90 69 31 5 -22 -65 -34 6 31 -38 -47 -47 98 -14 91 -12 -10 -36 -81 86 100 23 -63 57 23 59 18 56 85 7 36 -38 33 -44 -1 12 20 13 17 -32 96 74 -90 -29 -20 -93 26 47 -87 -74 -93 
47 -19 -24 -49 86 31 83 31 88 82 56 36 -43 -9 -28 -33 94 23 -95 78 -97 90 1 -19 4 69 25 -80 90 -44 21 33 3 -11 44 -80 92 50 -16 -29 80 48 39 -85 -96 -87 -13 97 70 33 55 90 23 91 82 73 -28 -46 63 -89 82 -25 61 -29 8 -6 -66 62 7 -91 96 98 -98 -21 54 20 1 60 40 97 4 16 -95 -75 82 73 98 -19 63 -2 -84 -20 90 -96 19 17 -84 -16 44 63 
-48 95 43 -65 58 61 -83 -74 93 -83 93 -84 60 38 -66 -51 67 34 70 47 -21 -38 53 -22 -17 -38 -74 -71 -100 -86 -72 -90 21 21 0 85 86 67 57 -40 -47 84 -72 4 -29 -8 -9 67 98 40 10 -29 46 91 15 -35 -30 57 -23 71 -11 -3 66 -64 22 -94 11 -72 -40 91 -88 -84 71 16 -19 23 11 65 -48 -31 98 22 -16 -55 -5 -52 -79 68 30 -66 -38 -83 -85 3 51 59 -4 -20 80 -17 
76 18 -70 -52 -38 -47 -96 -83 60 -85 -34 -54 64 -63 -22 -89 -52 -81 -49 -37 -45 -89 -34 31 -57 -37 54 -88 79 84 -57 -56 85 -94 -78 14 95 7 64 28 -57 87 1 92 -18 16 44 58 -5 21 -99 87 -62 84 45 -80 80 22 50 67 38 89 -24 -76 -26 -71 -4 -11 -57 -31 58 97 65 39 -69 -13 85 94 46 83 -47 46 31 89 77 4 -25 -34 -93 -65 36 3 68 -83 -9 -77 0 45 -64 -59 
39 61 -43 40 -46 -71 -30 84 93 12 62 52 20 -82 -70 0 90 78 18 61 24 83 5 9 40 67 5 -8 89 -80 50 -65 -13 -75 -28 -64 -49 100 -63 -51 100 -11 -93 -10 85 69 16 -43 57 -53 28 -100 -10 10 72 49 73 -64 79 43 83 -91 92 -9 -22 11 26 72 -81 43 -18 83 64 73 48 12 -73 20 -36 32 -19 -3 -64 44 99 16 70 -71 29 77 86 24 -89 45 -97 65 -78 37 50 5 
16 -44 50 -51 -55 33 49 48 74 94 76 5 15 28 31 47 86 -37 92 86 47 -46 63 80 -73 -26 14 -48 -68 38 98 -45 4 -64 -95 64 8 -78 91 -30 74 61 58 -13 -66 -66 -14 -20 48 2 -91 17 6 -55 78 22 -12 13 26 50 -35 38 100 -27 42 23 -8 -85 42 -97 23 64 -65 15 95 69 -2 78 27 6 39 56 -86 85 5 -16 51 -29 56 93 59 -70 -40 -99 -20 -1 -81 50 -91 46 
-42 58 -40 -41 76 -79 39 -83 57 22 26 -55 -47 11 26 -25 58 -73 -57 -69 67 87 42 -20 58 87 65 -8 17 47 -28 90 24 -71 68 64 -12 -70 -52 51 65 88 81 -25 25 98 -76 5 61 -53 77 -62 45 80 -28 79 80 -76 31 -2 -84 79 -55 -54 38 0 32 21 -35 -2 64 24 79 65 -53 3 -33 -2 80 -44 66 -45 63 21 78 100 -13 -97 70 -93 24 74 -12 -74 99 -6 12 46 -54 -72 
63 60 35 -90 80 14 -72 -16 -8 -85 -6 100 44 -99 -52 38 86 -22 35 30 -39 -29 26 -1 -61 91 -61 -63 35 44 92 56 60 41 93 51 -54 58 41 -6 44 10 40 -36 -81 -25 59 -88 -96 -5 91 36 -45 67 -39 2 2 3 44 66 81 85 -5 -97 -32 -27 12 -54 57 43 57 55 52 59 -29 -1 -20 85 -67 53 27 44 -53 26 72 -94 -82 -12 -64 73 -71 55 -49 -53 93 90 -100 -82 -43 29 
18 99 -27 -9 58 64 14 41 87 78 -36 -8 61 42 100 -68 2 -35 22 51 -25 -84 64 73 27 -6 -38 -32 -52 7 46 6 73 -16 30 -81 -27 -81 13 -95 8 22 -56 21 69 69 91 -48 -21 1 -24 -80 41 89 -84 6 25 -11 8 43 45 -13 87 2 87 89 52 -43 47 -78 2 54 66 -49 -12 -7 71 -37 1 46 5 22 92 -1 42 8 -28 47 -17 -22 70 -90 48 -10 86 33 42 -18 -51 86 
-11 83 57 2 -78 29 -45 7 -21 22 64 12 -55 -59 -62 -78 64 75 79 57 -2 33 42 62 88 -60 16 -49 25 7 -66 -5 -17 -55 49 -25 33 59 83 -15 1 -11 -40 -88 -68 -77 35 -62 1 76 -95 59 100 -77 -19 40 -93 45 55 -99 -85 90 79 -100 29 80 -65 -19 -66 77 46 25 39 45 -34 -74 93 -75 24 -50 -33 -63 96 -31 -96 70 -26 -50 -29 -67 -36 -88 -82 22 -59 -3 -96 3 38 7 
-25 -93 8 -42 64 80 45 -13 -73 0 -13 45 -20 75 45 59 4 21 44 -58 -77 -86 60 -88 -46 -62 -28 12 -35 -22 -14 17 -4 99 -45 71 14 -67 11 9 81 27 41 14 -24 -15 92 33 -98 3 -11 6 10 7 -26 -66 -86 76 -42 -5 40 52 21 96 -33 35 63 15 98 -39 89 49 56 -8 -12 72 50 -8 39 -13 34 96 75 -73 98 -63 -34 -25 -57 -99 62 59 92 66 87 91 43 86 83 -100 
-74 79 -57 -47 10 76 22 24 17 -86 75 19 -97 15 17 -70 -44 87 -68 7 0 -98 25 56 42 19 5 16 43 67 -5 -68 -2 4 69 -24 -91 -78 -47 77 -93 -71 70 15 39 76 63 43 -51 -34 -97 30 80 11 3 -34 -72 -15 97 56 45 72 15 18 66 -49 -2 60 -23 -42 66 -48 -19 85 -54 15 -87 -9 22 45 -71 -57 96 11 -93 -18 -93 -65 41 -20 45 51 83 36 57 100 85 -63 42 -86 
65 33 24 65 -22 -79 -89 -99 -35 -48 -56 72 23 -83 28 -25 -15 -95 60 87 -68 44 -35 45 -41 21 63 -24 35 32 -89 -44 -64 -55 -18 -21 -62 100 -44 2 -26 -37 -18 -76 -57 -66 14 -6 -72 -59 -13 -16 -68 28 -69 54 95 -60 42 33 -65 8 -83 -94 -26 -25 -9 8 20 -75 -85 -88 -83 34 -23 23 28 -67 53 57 -99 -94 35 -40 60 -57 6 1 -27 -44 -83 -64 95 -51 -9 61 -18 -28 -86 7 
-17 -61 -6 5 -54 37 26 -33 -43 51 65 8 31 68 90 58 1 79 -34 -20 -65 100 -95 -44 -86 -54 -27 4 25 -23 -31 -71 38 -3 -65 66 10 -1 -13 55 -43 -16 47 94 -95 20 -79 8 -98 77 5 37 -74 -35 -63 -31 61 73 34 4 -99 73 49 8 12 -99 -2 -96 -80 43 -80 36 47 85 -30 -43 50 53 82 -66 -63 4 99 -89 54 69 4 -11 87 -29 -39 -64 86 -89 21 15 -57 52 -12 99 
-48 -2 50 23 72 -13 64 53 53 -71 11 -47 18 48 -13 61 -29 -75 -34 -42 -85 98 -3 -99 24 45 47 -90 43 86 62 10 24 -70 -42 -87 74 -60 -32 0 18 -1 -90 -94 17 -26 -87 -6 -74 65 -33 58 58 29 0 -19 30 -79 34 93 -70 5 100 37 3 28 19 79 86 -75 -72 33 45 18 89 -43 48 56 17 47 48 -12 -46 9 -56 51 83 16 59 -47 -100 68 -78 -57 85 75 -22 35 -64 57 
-50 26 -69 10 -68 89 -21 -50 38 -44 -54 -4 -74 45 26 -84 55 -7 93 47 55 -23 -68 62 -55 -49 4 -46 77 7 -94 -26 49 -85 37 10 -75 70 -8 -73 98 -41 -78 -9 -66 -93 -99 -37 -72 -54 -84 -6 -1 -83 47 -90 73 67 -46 54 -40 28 22 -4 62 92 -29 -91 86 -96 82 -13 20 45 1 -44 -64 18 -90 -100 -12 -75 -91 67 65 -61 66 5 8 80 -100 -69 45 -64 -63 99 35 -85 -68 36 
-92 73 -97 -63 17 -53 88 -40 94 72 10 95 -96 -51 -10 97 -63 -46 -40 -19 -36 12 67 57 76 -81 9 -13 9 87 -79 -11 95 76 -54 -86 99 9 -18 -3 -37 32 83 93 -71 -54 22 57 18 90 17 59 20 -95 31 -24 -99 -60 63 63 -74 -58 -95 94 -40 -29 -56 83 -88 -13 -24 87 -40 61 -67 -61 -74 -80 -84 39 -48 79 67 -34 0 -9 52 13 -58 25 46 0 89 5 -11 -53 -69 0 -16 38 
53 -97 2 49 79 -82 42 48 53 -50 86 82 -60 -75 -36 40 40 -73 30 17 53 -98 -24 72 34 10 33 91 40 92 43 -10 12 -9 -25 -55 98 7 -11 37 18 73 -84 -37 -27 57 -69 -78 85 15 56 16 -82 90 -61 43 98 -51 92 11 -100 96 1 -27 62 -22 -26 0 -65 -75 -76 -56 98 -9 2 -3 -14 3 -92 11 32 53 80 51 -67 79 5 -77 43 -19 -22 -87 41 62 -43 39 19 85 33 -52 
6 -84 -62 94 -12 43 58 51 -43 -90 -48 -72 -30 48 76 -58 -39 29 -46 -92 -29 59 -72 63 52 27 3 9 -43 -100 98 -67 -49 3 -48 -96 -19 38 74 -23 19 89 86 37 81 -8 -14 -13 -36 -100 -38 -99 -19 -45 73 40 -24 -84 -39 -86 36 38 87 -52 14 -27 -71 31 85 -25 73 12 -1 38 -11 -79 -18 -33 -83 -49 -69 4 3 92 -90 28 97 14 90 11 72 33 59 -29 -52 3 -34 25 12 -97 
-99 -50 -81 -85 17 -34 49 -26 -27 -57 50 52 17 17 52 97 41 -21 -43 -10 1 -58 -76 -96 46 -75 95 -80 1 24 -76 -76 28 -60 28 61 -22 93 62 51 -62 -75 5 28 -24 -99 8 11 -53 5 -92 -59 -67 91 -21 -40 -83 -96 81 93 -65 67 -40 -97 -40 49 -53 90 43 -43 -53 -66 -85 -19 66 -39 -88 -31 -39 67 40 -92 57 38 34 -70 65 6 -24 61 78 36 -23 -58 89 22 -29 -30 -88 -36 
-53 1 -98 27 16 70 -21 12 69 4 63 -66 52 28 -86 89 28 51 74 -6 78 -26 72 28 78 -84 -78 -95 -85 -11 67 72 -38 9 -55 -27 -3 66 25 75 59 -98 -66 -86 78 -49 68 -33 9 74 83 -10 39 93 -29 -69 85 28 -60 -4 -15 -60 -43 56 92 21 -69 -57 66 66 -56 10 -36 -94 -3 -97 -90 -8 -8 -74 -55 -85 57 -87 -6 -3 48 81 35 -28 26 -98 -5 -15 -30 37 -80 74 -71 -42 
44 78 -67 74 42 82 -65 -37 -75 98 -48 -6 -34 19 13 79 -100 -57 10 83 76 73 -96 67 -34 -45 81 32 12 -5 80 5 -62 -43 87 -23 12 30 64 68 28 -30 22 53 -90 16 20 -95 52 28 -12 -3 6 47 41 -50 -54 98 -58 -17 64 -16 20 -7 -14 -96 -98 -78 66 -20 54 -39 76 19 15 -21 76 -32 98 -54 8 63 71 -90 -6 -57 95 -57 76 -6 -60 98 70 -10 46 0 24 -7 -98 -11 
34 63 -7 -88 -39 95 -75 -24 24 -19 -69 65 17 -69 14 -62 39 -64 86 78 -66 58 -55 61 -26 93 -12 -12 -81 63 25 75 25 64 47 -30 -74 -87 -46 36 4 78 -44 -34 -2 31 -81 65 70 -46 -18 94 -77 6 86 -80 -12 -86 -44 78 -56 21 13 30 -8 95 45 79 11 -47 -89 92 -68 -96 63 -56 -5 69 -98 -84 57 16 -56 -49 -81 56 2 21 -77 -23 -7 59 -52 -6 -12 21 33 69 -13 -43 
-75 -59 -77 -3 31 49 -52 50 44 -2 8 60 -42 -69 -18 -69 -10 79 -91 38 65 54 -59 61 85 50 -96 72 30 -23 -93 93 -16 64 0 -48 -15 -62 -80 -76 27 52 51 21 97 -43 72 -62 39 21 -7 -68 -43 -80 -41 9 31 78 -95 75 -60 -44 -13 28 6 -68 -18 -100 -29 42 -89 -43 -91 7 -53 12 46 50 -84 18 -72 59 -70 4 42 29 -63 -74 34 29 27 -72 -30 -40 -57 4 88 37 60 -35 
77 46 -98 -85 1 -82 7 -7 -16 -46 -13 49 -36 5 39 -100 -9 -14 -75 77 -32 -50 80 -26 27 -44 10 -84 27 -86 82 18 69 53 -86 48 -70 26 63 -39 99 89 45 59 37 -5 -52 -70 -69 -84 -14 57 55 -60 -19 -10 -97 70 14 -20 -94 -76 44 96 62 -94 58 46 -92 -23 47 -16 6 11 -86 45 -2 91 0 93 56 -44 44 -20 -86 -36 18 -64 84 19 27 40 -27 49 -97 -86 19 -41 87 -74 
-4 60 -68 -53 77 -98 22 -95 11 77 74 -79 -93 -8 63 96 -9 -77 -93 -96 29 -3 94 -83 -92 5 -66 -58 -27 -15 21 9 -31 -95 -12 -16 14 62 -61 13 -28 22 58 57 26 -47 58 -67 24 100 12 3 46 91 34 52 60 86 57 -20 17 -38 74 46 48 -21 -22 -30 34 79 57 90 -92 -61 -23 93 94 5 -44 88 76 22 70 -84 90 15 -64 -36 94 17 17 -12 51 -24 74 49 46 -61 -75 51 
-72 51 -64 -7 -26 -94 -20 -57 39 -97 -72 86 28 -21 -26 35 26 88 53 -52 84 86 -52 -17 -3 -11 -87 -4 75 21 31 43 10 -7 -74 76 -69 58 87 54 32 -68 80 -22 -7 6 -6 -69 100 1 -11 79 49 89 -35 97 -50 85 97 5 -90 12 -38 82 -55 -1 -89 51 9 49 50 20 70 -33 53 65 13 -85 49 -36 40 -52 68 -62 -86 -26 32 28 31 24 -65 -91 -90 -27 -74 -38 -39 87 -32 -32 
-33 42 4 38 27 -83 -67 -11 -7 75 84 -44 42 -59 0 2 77 91 -64 42 64 34 65 80 -56 47 38 -30 76 -64 39 -86 -75 90 17 -69 17 -84 -13 -37 -21 40 22 96 41 25 -38 -37 -26 -50 -11 -46 -33 0 57 96 2 64 -16 -78 -66 -54 -20 69 52 -39 -66 90 -19 47 87 -20 34 -40 83 -21 43 49 15 50 98 -85 33 -31 43 -60 34 26 -66 34 -40 -57 11 -25 91 -96 -37 -4 60 94 
99 -45 61 2 -29 71 96 77 -55 14 -33 74 98 -54 14 -22 83 82 -51 20 -16 -66 -53 9 25 -36 69 98 -89 -25 -24 21 -87 42 -46 52 58 -88 78 74 -31 -82 92 -58 -100 19 76 -30 67 -82 -100 24 -41 49 -63 -66 -14 -36 0 -19 81 -54 -45 28 9 21 -86 -97 51 26 -69 -89 -97 79 -99 49 88 -98 -100 98 -95 -43 68 51 44 -97 97 75 54 -56 11 -66 -84 76 41 24 -27 89 41 -64 
47 -19 -1 72 -17 -22 -89 -66 -43 12 -20 21 -56 -18 -68 -17 42 62 67 45 100 -34 -60 -70 -63 99 42 93 3 -90 -32 -67 -57 -66 9 -56 61 63 -42 -55 -81 78 88 74 -9 36 -41 -87 34 -38 87 42 -35 -84 61 -10 56 -6 -7 -25 25 22 5 -55 -78 -56 -6 66 -46 89 -43 -49 -95 87 -96 79 13 -19 73 55 74 25 55 -21 13 35 9 -31 -6 -74 13 19 13 -25 64 -61 51 10 -81 -43 
-46 -1 -13 67 -81 62 -3 36 -88 -84 75 -15 51 54 58 -73 62 4 62 -48 75 91 -80 -44 -90 31 -79 59 22 34 -42 40 93 80 60 8 -25 37 -10 23 75 5 -30 -70 -93 -51 -55 -49 -71 -63 -74 18 86 -1 29 -70 57 70 58 47 -82 63 -73 15 -70 92 -86 74 -100 18 -99 -72 -27 16 -36 22 -96 -25 -3 60 -10 -71 -24 90 -33 -87 69 14 -96 72 16 36 81 -70 -16 -60 89 85 -81 41 
28 -51 -53 63 47 -59 24 -29 -47 62 62 -20 79 46 87 5 49 22 -58 78 -79 -25 -70 5 -20 -87 52 54 -5 -44 57 -27 14 45 -61 41 6 -1 -93 80 40 -43 -74 41 -13 -44 -27 -34 99 20 48 69 68 -50 -33 78 54 44 -78 -47 -10 19 27 97 -56 -64 68 -81 85 10 -48 -6 -76 -73 79 -26 -95 -52 -14 -60 -1 -92 5 75 -13 -33 -18 -14 -48 80 22 -98 -29 -69 98 -35 89 -86 23 67 
-44 -97 -14 -24 9 -41 -63 66 -81 73 -53 -39 -82 50 89 -79 -11 -1 44 -69 49 -20 36 55 -78 -44 -12 42 -79 -7 43 -62 65 -15 64 41 -89 -71 -10 55 9 -10 29 -25 -91 19 -81 28 -78 -19 -4 -54 27 95 47 -86 47 25 -9 44 -57 37 -22 1 23 -19 -33 15 56 67 -55 70 9 -2 -39 -56 11 -95 61 86 15 70 -29 90 32 88 -47 70 65 100 -41 -66 -13 87 53 13 -51 -34 93 -95 
-73 -23 44 6 52 -29 30 26 -35 -59 -64 21 -72 -75 60 19 42 -45 7 76 -100 -59 26 -9 -92 30 44 -89 -33 64 35 -100 25 -14 -52 -75 -87 53 -55 52 -65 98 -48 6 -98 50 29 -5 -79 -31 -56 -93 -70 -94 -9 -28 -69 -98 -96 70 94 64 15 42 -18 -36 55 34 7 -56 -25 5 89 -26 48 85 75 49 70 71 7 82 75 -47 -92 74 24 -29 -60 -78 5 -95 -48 79 -88 5 85 79 94 -57 
-56 -63 -16 -82 42 30 94 -71 16 -25 -72 55 63 -8 49 -99 6 -41 -69 -54 5 -90 29 -16 -24 -13 -94 -79 38 -10 23 -33 -80 -66 -3 -100 59 86 17 82 -89 9 -53 -4 -69 -49 -24 -25 -80 -13 51 72 7 -80 -100 6 38 -23 1 -17 71 29 -30 84 -60 8 -7 60 -36 -72 -11 100 38 32 52 -22 66 -48 -24 -23 -42 -54 7 -75 67 -7 70 -16 -78 -61 -17 17 -16 58 9 13 80 -21 -53 -71 
-90 -21 31 -82 11 -43 -35 -60 64 -79 -21 71 74 72 49 -69 52 95 -54 -94 -61 57 80 60 -96 -82 31 -34 -51 8 -10 15 18 -44 -50 30 -41 97 76 -13 59 73 3 8 0 -71 7 -6 47 -61 -44 20 -75 -3 -47 69 -49 12 89 -17 -10 96 -46 42 -72 26 43 -36 -43 78 21 -4 -15 29 21 52 -86 -9 -36 -37 20 -36 87 -13 54 -12 -79 -73 -92 10 -50 -90 64 -43 61 36 -44 81 -20 -5 
31 -59 -58 11 82 -31 -68 -59 -60 -61 52 -72 75 19 -51 -31 74 94 19 3 -63 -30 -51 -69 0 85 -99 59 63 59 94 -23 -7 -92 18 -39 86 1 26 -98 68 74 -33 -49 -76 43 -49 41 87 47 -97 93 13 -57 -72 46 -81 -32 -26 79 55 3 26 -8 41 86 72 90 10 94 -66 55 -85 31 21 7 -3 -97 62 -58 -69 75 77 52 -54 -19 -96 -15 -61 32 -15 -40 -36 -94 -40 -98 -42 -59 -14 -54 
-63 21 -27 -61 91 -70 -100 -72 53 67 57 -55 96 -7 -18 55 -83 -89 19 -66 -65 46 18 41 79 4 -82 -91 -11 66 -56 31 -62 24 46 -45 -24 -63 -75 -12 6 60 75 -83 61 83 67 -65 -32 -46 -51 48 -21 -71 88 -47 75 -88 -20 -60 -98 -61 45 18 -18 78 -22 94 -66 50 -8 -63 37 -26 -81 -19 -60 -9 65 82 71 37 46 -4 46 -94 81 -76 -52 -64 -99 49 -95 -18 61 -64 -43 28 -98 61 
-81 -80 49 56 25 -39 -44 40 -5 -15 -97 -33 -80 50 2 75 -99 -83 -77 -43 19 51 -54 -73 -35 11 -100 16 -24 20 23 79 8 -100 100 48 61 5 65 -83 64 25 93 -99 -21 84 -55 -55 -26 -100 33 14 0 36 -22 -68 -65 -69 -91 -66 52 -72 -28 -83 -16 89 -72 -90 -99 -91 5 87 82 87 74 78 -41 -38 -6 36 -86 -17 -72 -9 -63 0 -27 -57 91 54 -12 69 57 72 -28 -25 20 -73 -20 37 
79 -34 -14 69 -52 -41 -31 38 69 15 -14 52 -18 98 -39 -32 -42 -92 20 55 -32 -31 -51 -94 -96 -86 -20 59 95 -78 -52 49 86 41 17 25 -52 -100 85 -60 -97 54 75 -13 84 -54 97 94 45 -16 5 4 -85 -85 22 -68 -50 -48 85 35 -22 49 9 -41 79 -4 -83 -82 -43 0 -99 -34 -48 -92 61 96 -23 31 -39 76 -26 91 -20 49 38 46 90 -45 52 -18 97 -80 49 -24 -28 -47 -76 12 -50 -76 
-9 -8 -28 -68 -6 86 15 28 -40 -64 -69 76 -7 83 64 26 41 -71 -17 -97 46 -95 47 -4 -2 -87 86 15 44 -63 -31 -44 92 -43 69 -17 -95 -18 -51 47 -11 -31 -44 -91 85 19 -30 -15 -1 -28 -7 67 -37 -56 87 68 -11 -4 29 -51 86 82 -28 41 -78 -95 60 -3 -11 96 85 32 -9 17 85 19 91 -11 -89 79 20 78 -58 67 87 -18 36 -7 24 22 -77 34 -76 98 -19 -9 49 -58 88 32 
56 -58 -16 15 -37 -62 -11 91 32 69 -65 41 39 -16 -55 -37 -22 -91 38 20 51 15 -3 -27 -65 -86 48 31 -35 -38 13 -26 -25 -44 0 76 25 11 89 63 -32 63 33 -31 64 88 -57 86 29 -75 65 -17 92 -87 88 31 39 81 54 35 53 -57 -4 86 2 99 32 -66 96 17 -10 73 57 6 -38 17 -68 64 84 13 13 -72 20 -67 -34 -2 -5 61 39 -67 20 -41 43 48 8 34 96 19 -68 65 
32 -69 -96 -92 -96 46 -61 -24 74 -88 19 -88 -70 80 77 -37 -81 -61 -24 -15 -71 18 64 -56 99 -94 -56 -9 -63 33 80 17 -86 40 -53 71 -52 93 7 84 99 8 73 -35 36 -68 93 -62 -3 -5 91 -26 0 54 -87 -77 75 -22 -97 12 -20 -14 -88 35 22 -47 48 87 85 57 78 84 -74 74 -75 77 -58 30 -74 1 -65 -23 87 99 19 -94 87 -28 -58 79 63 17 26 -20 -71 84 88 48 -69 60 
65 -91 -65 -67 50 93 -65 -53 -55 85 -95 -90 77 54 75 17 39 -77 -27 -60 9 -68 8 -30 88 -2 68 -79 -38 -46 -65 40 42 43 -81 -29 95 14 68 -84 83 44 77 -41 63 -67 -14 -43 -53 -18 -37 -15 -84 -19 -69 -6 45 -32 -12 64 -35 92 -31 25 -28 13 81 -41 -72 87 58 -50 -10 -85 23 -65 -31 -16 27 -69 -97 -63 -61 -19 50 91 -44 -40 -35 -10 84 96 -96 -55 72 -86 99 -48 96 -22 
-27 34 1 -74 24 -19 -10 15 12 26 3 -80 100 -34 0 79 -53 29 34 -3 -54 -27 -31 62 48 97 -50 -100 -3 -81 -73 -29 -81 -9 -100 35 -30 -5 -52 69 64 -21 -44 -29 29 36 -10 -31 -53 68 24 73 64 -89 -64 -5 81 19 -3 55 -2 18 -32 -50 -3 21 -37 -19 15 2 -88 -10 -15 -37 -13 -10 -99 -96 26 -35 -32 35 62 42 -84 -37 94 79 42 90 -92 -71 71 35 30 -54 65 56 -21 -49 
-25 84 -62 -71 43 29 29 -85 54 69 -47 15 -88 -20 -63 64 -49 -37 -51 -35 86 -8 69 88 96 45 36 43 -63 78 38 98 6 -22 -45 11 13 -64 80 -76 7 -92 -80 -45 13 25 -20 51 -32 12 42 -20 30 -18 -54 71 -48 -24 -31 -5 24 -80 -81 -42 -14 48 0 -83 -39 -12 39 -96 -9 27 19 -83 -61 -25 69 86 5 -69 29 27 -12 -25 -45 34 38 84 -31 32 12 -77 38 75 -95 60 57 55 
42 77 -97 -56 -25 34 -75 55 17 -55 -93 74 -36 14 51 -82 6 -32 67 5 68 100 14 27 71 72 -99 -24 -98 -12 -86 15 70 93 -46 -89 91 -11 26 17 -80 98 71 34 20 65 75 50 -47 -52 -30 -73 -67 13 28 3 -99 41 7 0 -100 -3 74 49 -77 -86 -42 -72 -61 78 -71 -26 -17 -33 -51 -98 59 -11 -15 -97 -3 89 16 -8 -37 -53 31 5 20 -70 92 -86 -49 -60 -5 88 27 12 99 40 
10 41 86 90 88 -51 6 19 99 7 -35 -74 -76 17 -6 -92 -77 30 -89 -94 -34 33 -3 -57 3 11 -51 -39 1 100 33 -68 52 -53 47 36 84 -11 -20 33 0 8 9 -10 100 22 32 43 -77 -95 82 17 -64 -68 54 7 -10 82 -83 -84 -7 45 -70 63 59 72 10 -75 -69 -88 21 39 -97 56 -19 4 -34 -46 -98 37 -39 -34 -34 -84 64 -22 -34 -38 -1 18 67 -7 -78 87 -38 72 99 -7 46 -47 
84 -8 92 58 16 51 -71 -29 -67 -11 -32 -100 35 8 75 -65 18 -56 56 -84 -34 -31 4 24 -29 -39 69 -34 36 -11 60 -49 -21 90 3 81 57 20 76 -88 -73 -9 93 -36 95 33 50 -50 -86 -69 -49 -40 19 26 19 96 75 33 71 -79 -22 -32 -54 -64 -75 -3 96 -24 83 -6 -88 -33 -57 65 20 -48 -6 -23 30 66 -90 63 100 -87 -93 -76 -33 61 -15 -54 99 39 67 94 -52 36 35 -1 91 -5 
34 -21 21 43 15 -20 86 -88 -25 41 63 43 -36 51 87 -6 -82 -98 59 35 -86 -17 -79 96 22 34 -9 -38 19 -9 -67 26 -48 39 -65 31 36 -62 97 79 55 -38 -67 -63 -100 -43 45 54 13 -30 77 -35 51 -53 -79 -67 51 81 -27 7 71 -66 47 19 16 -9 71 -18 -51 22 -48 -23 71 -41 86 95 -24 -64 30 43 -33 -31 -85 -21 -91 -27 43 80 65 28 21 -65 74 17 83 -60 56 -89 32 44 
-71 61 61 65 6 86 -61 43 13 -11 24 47 66 87 79 65 75 4 -37 25 6 97 38 25 82 24 46 73 1 35 45 51 -23 68 53 75 1 11 33 -12 65 -91 -38 86 -87 19 41 -75 -61 94 41 -47 -25 -80 -31 -37 76 85 10 -32 -72 98 -32 -12 1 5 35 33 -19 -50 -96 63 57 -100 8 -11 -80 -97 82 -74 -13 77 97 -46 -55 -22 -74 -60 47 65 71 -77 -9 88 45 -95 7 35 -93 85 
46 8 21 -51 -63 -56 43 26 15 -5 64 -30 80 -88 -90 -10 -32 73 77 -63 -65 49 -8 98 -69 -68 71 -95 75 -24 -1 -14 92 4 -42 -17 98 -25 -48 -61 25 -26 -41 66 70 22 -27 -70 51 52 67 72 -26 -51 75 50 -18 1 -46 55 -2 73 58 -45 -57 38 29 -24 -57 90 -98 3 -44 -70 -77 79 24 72 81 -33 -54 -57 62 -36 -25 -83 36 -17 -88 95 -50 -13 0 -5 47 -13 22 -58 53 -40 
-71 -49 -75 7 -41 -63 44 33 46 24 70 -29 -61 71 -22 -64 -18 -5 9 -14 60 96 41 84 -40 -10 -53 13 -10 -21 -95 92 47 -46 35 25 -31 99 25 37 -7 30 -61 -62 62 -45 -17 24 77 -28 86 -86 89 91 59 58 94 -83 -69 36 -9 -86 34 -32 53 -22 84 96 -20 37 -32 -24 44 14 -87 -44 51 33 75 -21 37 -53 94 28 -81 -71 -58 68 -52 8 11 -59 -30 83 -71 -82 0 30 -12 -43 
-29 50 -25 88 14 -91 10 -82 28 -5 75 -25 61 81 98 -53 -63 27 73 43 -47 64 43 -96 42 39 22 31 -11 -71 -45 17 96 -14 -27 71 -32 -59 95 -36 -15 -76 98 93 -75 -4 8 -2 69 -26 -70 75 5 96 67 34 21 22 5 23 -82 42 99 84 -76 -5 -22 -67 31 4 1 74 59 -65 17 -42 -73 -23 31 79 -76 32 -54 -42 4 73 -93 -5 8 87 -67 -25 71 49 -22 -44 38 5 -27 -22 
53 28 -35 -16 -96 83 -89 -36 -52 -1 -86 23 15 -67 -100 33 -27 94 -88 24 -99 -68 27 58 -49 -6 79 74 27 -29 -58 -90 12 51 13 -38 11 12 -99 60 -9 41 35 46 -12 -34 65 51 96 49 -92 28 4 -80 64 -5 -89 70 33 -29 41 -35 71 37 37 13 88 -23 -67 42 -40 -91 45 -90 60 78 96 90 -95 -21 -39 -75 37 45 -74 -38 -6 -53 87 44 -20 -56 -28 52 15 -59 93 63 87 34 
-74 -13 12 -39 62 26 -93 -95 51 -25 97 91 -78 9 -76 70 -53 7 8 -72 36 92 62 -37 2 51 -33 -84 19 21 -52 63 73 -36 70 -56 22 -51 15 89 -7 58 87 1 -37 72 42 38 -32 54 38 -100 32 69 -96 18 83 48 10 -55 29 66 -55 -72 16 -34 -47 -18 -90 23 47 4 5 -90 30 -64 15 -63 55 -97 87 70 -63 -93 59 -5 3 2 56 20 -76 92 47 -97 93 -13 -33 -92 19 -87 
55 53 64 64 -27 31 52 -32 10 95 68 -56 38 -34 56 -74 -6 57 71 -100 87 -36 69 -9 50 -45 -27 -80 3 -18 96 11 -8 -100 -17 -31 -74 56 20 -83 -39 32 -13 -78 -34 25 -95 -65 35 -2 5 -33 21 -39 -43 31 100 59 35 59 -74 96 63 15 4 15 -92 -96 40 75 -51 -63 -71 5 -45 55 75 74 79 100 70 -43 8 -96 -74 11 -65 -65 6 -33 88 60 79 8 55 96 -13 62 65 -21 
39 85 22 41 52 -58 57 -44 -77 -66 -85 80 -80 60 53 57 -24 24 -36 -58 -53 62 89 -48 -34 77 64 -27 -14 3 95 8 28 85 3 56 -57 64 -59 -10 48 11 -50 -92 16 36 90 3 23 92 -17 93 13 -24 -20 -11 -50 -47 -26 49 53 -46 -55 27 99 -20 89 9 -42 27 38 -3 74 -77 -56 -88 49 45 59 1 57 20 -66 -76 79 -7 69 -15 77 -41 -57 -17 -4 6 11 57 98 18 -12 6 
-82 -24 -88 98 45 64 62 -44 -96 93 -86 98 52 -9 -68 -87 76 48 75 -87 -49 -8 -43 -18 33 50 56 -50 27 63 -75 -83 9 87 32 33 -14 -32 81 -79 96 22 64 83 24 37 62 -11 19 -38 -83 -30 91 -80 -45 -60 0 -90 9 -61 -35 71 -8 85 -51 -28 84 59 -10 -66 12 -54 23 60 96 52 41 -58 -19 -34 31 -11 -32 79 78 -26 -51 -34 -74 23 -56 33 48 -53 -27 -26 24 8 -70 -76 
43 4 87 78 -94 -87 85 87 64 -49 -41 63 50 -98 84 -4 60 -79 -69 -31 33 -83 82 3 14 -72 -5 -98 18 11 19 -82 -13 -6 95 -93 76 15 -92 40 23 7 -11 92 -65 -66 78 -20 31 -64 2 91 -75 -68 48 83 97 70 -80 68 86 -95 58 73 -34 -18 20 -82 -69 -81 33 -88 5 37 -97 -39 33 -96 -34 40 -64 84 -34 94 32 50 95 -60 -8 89 -69 88 -3 -10 -13 -100 68 22 99 67 
13 23 85 12 17 -86 -9 64 51 8 -4 -69 90 -63 10 -97 49 -74 -6 -4 -97 38 30 -51 47 2 -5 12 -85 43 -6 -51 -30 74 -56 -33 8 -10 44 47 77 -42 -21 -31 46 -63 -43 -47 22 -77 -29 -67 -10 -41 -99 -48 -66 -73 62 -29 -32 -43 -11 -25 -49 14 87 -13 62 -40 60 83 -35 -49 67 54 13 -39 -16 78 13 -38 17 20 -40 -9 -40 -59 51 5 -54 7 33 74 -57 44 25 -79 78 -81 
65 -94 11 59 8 -97 44 58 34 -29 -36 -38 -78 13 -66 90 -88 -3 -80 -21 -82 -22 55 -11 -29 82 -49 -41 48 -10 88 -51 -38 -21 8 -100 -29 -22 74 0 28 69 93 -15 -9 -31 -13 -8 -33 -81 3 -53 52 1 -36 -3 -5 -86 -35 -42 -30 41 -25 -96 91 59 -17 -66 -72 66 -34 -80 -28 56 -72 51 -58 -82 -21 -73 89 79 -10 -86 -58 1 -51 -50 -43 -19 -60 1 40 53 -100 71 86 23 65 38 
19 -96 57 -55 -31 9 -24 78 82 -96 -60 -30 -76 24 -36 98 -2 -21 68 30 -7 -66 -62 68 -53 -70 81 -52 -43 -15 -4 100 -82 2 39 -63 63 -11 74 13 -90 88 87 -13 -31 0 6 90 -83 73 -92 -42 21 63 0 -73 95 -42 33 72 -33 44 27 83 -90 76 66 61 -5 37 -56 58 -32 -87 9 5 35 -76 54 23 19 -20 -97 -42 7 23 8 -48 49 -62 -55 -77 -85 -96 -53 50 -29 15 -22 43 
64 73 -38 -83 58 -67 87 -22 -22 -37 13 -90 -11 -16 30 -34 76 62 87 -68 -41 56 -29 15 53 71 -64 20 -99 97 -7 -16 -6 78 34 -7 -25 -15 -79 -29 70 11 -22 37 70 30 22 27 -98 -89 22 10 81 -47 6 14 76 -20 -15 -3 81 -11 89 26 -26 -92 -65 -53 -40 -77 99 44 97 100 60 47 -21 -59 -30 -92 82 -20 31 28 55 0 21 -22 -14 -15 60 31 -90 97 59 76 12 96 -65 -85 
-62 93 16 31 -38 -41 -38 25 81 55 72 -60 99 62 43 -77 98 7 -78 71 -14 66 95 3 22 66 8 12 -35 66 -35 63 19 34 23 98 -38 55 90 87 -81 35 -46 78 55 -80 65 6 57 -84 -21 36 2 -90 17 63 -63 -51 -100 -31 46 -75 94 -52 -6 -44 39 -94 81 -37 67 -78 -19 18 -10 -44 -83 -66 51 46 57 -65 28 -15 -22 47 -91 -77 -65 -14 -99 -88 53 -9 -87 -31 8 11 51 -26 
20 52 -89 89 -88 68 -7 -92 -36 13 -50 -70 -35 -81 16 17 -100 63 23 89 50 -51 1 -77 89 -22 -19 23 6 -63 -6 -44 78 53 -92 47 87 -89 42 -34 9 14 53 -60 0 21 22 -58 26 -100 83 -29 -75 38 -60 -19 -5 25 -10 -1 -46 26 10 2 -63 -40 -81 -2 1 -46 92 -63 8 -42 -58 -21 -79 -58 26 -86 -45 73 -44 24 -57 -58 59 -8 70 96 -56 -38 62 83 12 -39 0 -74 -16 -57 
7 -54 -13 40 39 -48 59 -100 81 -16 -58 50 -27 80 44 54 -24 19 -61 -43 61 2 -31 -71 -74 63 -28 -70 8 -79 34 95 -78 -9 52 79 67 -92 -36 -80 -21 -38 33 3 -98 59 41 -30 37 6 33 14 6 77 -64 13 -91 3 -24 -38 -95 50 -52 -94 -37 -27 -36 -86 -43 42 -62 -92 -86 58 90 -24 48 -47 -85 -21 31 -2 83 35 100 15 88 -13 -65 -60 39 -87 89 20 0 -41 65 57 -46 -23 
37 50 -84 -51 33 -14 -79 -63 7 -65 25 -30 20 -43 30 -41 88 46 31 90 38 27 40 -92 9 23 -34 -73 -72 -39 67 63 52 -58 25 -5 -22 -98 82 -86 -45 -5 -38 94 -9 -27 -79 -97 -38 -26 68 -96 -96 98 -43 -8 -75 -31 -31 18 37 12 47 -19 -53 -96 -31 39 -84 14 -34 0 1 68 -85 24 18 69 -54 -78 -67 62 -90 -94 -62 -33 -78 72 35 -71 21 -10 -66 -59 -5 -81 4 -47 36 87 
-25 19 55 1 -69 100 77 -93 54 75 -74 -36 85 29 13 -69 76 9 -84 28 65 -79 8 6 -76 -74 94 -4 -13 -59 85 -58 -15 48 -42 16 16 44 -2 -94 1 -84 -90 -47 73 -82 54 -87 -5 -69 44 55 70 67 58 33 -58 30 -49 21 -66 97 -8 66 -82 14 82 -51 -10 -3 -89 5 -26 -74 -17 53 61 49 -99 -14 90 -34 11 94 -29 49 40 -94 52 39 -39 -23 -18 2 30 56 -81 -71 -79 -95 
-94 83 93 5 13 9 65 -76 39 1 59 75 -3 -58 -47 -79 -32 -51 -50 -20 -49 -64 -21 -17 -26 45 -9 -7 -47 -36 -47 19 35 99 -28 -54 70 5 29 -95 21 83 81 -42 72 -4 79 39 33 35 11 -88 38 -50 70 -47 4 38 2 21 96 54 -29 -93 26 23 2 46 -2 -53 32 88 49 -53 26 -34 -59 68 -79 95 0 -43 -87 -69 73 66 99 76 15 -60 77 -38 -38 -13 -25 26 -36 93 -42 -97 
-4 49 -7 18 -5 18 38 -23 -38 -33 -47 38 -61 -31 78 -94 -92 -34 -77 51 -69 -97 59 -15 26 -31 -13 62 -93 30 84 88 -67 -65 62 -53 -83 86 -21 -97 92 -25 0 99 -16 -54 85 -40 53 91 72 53 4 -64 -89 6 -91 -84 63 -59 32 -68 95 -45 -62 92 -66 -91 56 -34 -72 -83 2 25 27 54 28 94 -92 80 45 35 76 21 -85 -68 -81 -90 96 100 -32 23 8 11 -83 -94 52 58 77 47 
-64 56 27 -33 59 24 -94 -22 46 17 89 -82 -39 -15 -51 12 95 -65 -80 -11 -74 -19 -79 55 -96 -41 96 -16 -75 63 79 10 -2 57 35 2 -27 -28 73 0 20 40 -88 77 -55 -1 10 -67 -51 13 -59 -24 60 -100 37 81 44 19 65 -13 -34 50 -62 93 39 -55 -56 22 83 76 -46 -75 -15 -46 42 -87 -83 78 49 42 19 -83 -91 -53 -14 4 36 -7 13 71 -44 29 51 -40 87 -94 -5 -84 76 61 
35 53 -33 72 -99 -99 -94 -73 -56 66 92 79 59 85 33 -47 -47 8 30 -2 9 -17 -67 2 -30 53 -33 52 55 -30 88 96 7 44 -51 7 -1 72 51 -35 -56 -7 -52 -56 4 68 -49 76 -70 -84 46 -86 -17 -69 -51 41 -24 -49 30 -81 30 74 -44 17 1 -94 -6 56 -45 -98 73 -14 -38 86 68 72 -36 83 11 -90 7 38 -38 5 -71 -68 58 0 9 63 99 -52 54 -77 -95 93 78 -39 36 -60 
